     0.0000000     1.0000000     0.0000000     0.0000000     0.0000000     0.0000000     0.0000000     0.0000000     1.0000000
     1.0000000     0.9997131     0.0002728     0.0000011     0.0000012     0.0000016     0.0000067     0.0000035     1.0000000
     2.0000000     0.9988535     0.0010904     0.0000043     0.0000049     0.0000064     0.0000266     0.0000139     1.0000000
     3.0000000     0.9974236     0.0024501     0.0000099     0.0000111     0.0000144     0.0000597     0.0000312     1.0000000
     4.0000000     0.9954278     0.0043477     0.0000178     0.0000199     0.0000256     0.0001059     0.0000553     1.0000000
     5.0000000     0.9928719     0.0067774     0.0000284     0.0000311     0.0000402     0.0001650     0.0000860     1.0000000
     6.0000000     0.9897633     0.0097317     0.0000419     0.0000449     0.0000581     0.0002367     0.0001233     1.0000000
     7.0000000     0.9861109     0.0132020     0.0000586     0.0000614     0.0000795     0.0003207     0.0001669     1.0000000
     8.0000000     0.9819248     0.0171780     0.0000789     0.0000805     0.0001044     0.0004167     0.0002167     1.0000000
     9.0000000     0.9772165     0.0216482     0.0001032     0.0001024     0.0001330     0.0005244     0.0002723     1.0000000
    10.0000000     0.9719990     0.0265999     0.0001320     0.0001270     0.0001653     0.0006432     0.0003336     1.0000000
    11.0000000     0.9662861     0.0320191     0.0001658     0.0001546     0.0002015     0.0007727     0.0004002     1.0000000
    12.0000000     0.9600933     0.0378905     0.0002051     0.0001851     0.0002417     0.0009124     0.0004719     1.0000000
    13.0000000     0.9534366     0.0441980     0.0002504     0.0002187     0.0002860     0.0010619     0.0005483     1.0000000
    14.0000000     0.9463335     0.0509245     0.0003023     0.0002554     0.0003347     0.0012204     0.0006291     1.0000000
    15.0000000     0.9388020     0.0580519     0.0003615     0.0002954     0.0003878     0.0013875     0.0007139     1.0000000
    16.0000000     0.9308608     0.0655615     0.0004286     0.0003387     0.0004455     0.0015625     0.0008024     1.0000000
    17.0000000     0.9225299     0.0734337     0.0005041     0.0003854     0.0005079     0.0017448     0.0008941     1.0000000
    18.0000000     0.9138302     0.0816477     0.0005887     0.0004357     0.0005752     0.0019337     0.0009888     1.0000000
    19.0000000     0.9047827     0.0901826     0.0006830     0.0004896     0.0006476     0.0021286     0.0010859     1.0000000
    20.0000000     0.8954086     0.0990174     0.0007875     0.0005473     0.0007252     0.0023287     0.0011852     1.0000000
    21.0000000     0.8857298     0.1081306     0.0009030     0.0006088     0.0008082     0.0025333     0.0012862     1.0000000
    22.0000000     0.8757695     0.1174994     0.0010298     0.0006743     0.0008967     0.0027418     0.0013886     1.0000000
    23.0000000     0.8655505     0.1271010     0.0011686     0.0007437     0.0009907     0.0029535     0.0014919     1.0000000
    24.0000000     0.8550957     0.1369131     0.0013199     0.0008173     0.0010906     0.0031676     0.0015958     1.0000000
    25.0000000     0.8444282     0.1469130     0.0014841     0.0008951     0.0011963     0.0033835     0.0016999     1.0000000
    26.0000000     0.8335711     0.1570780     0.0016616     0.0009771     0.0013080     0.0036005     0.0018038     1.0000000
    27.0000000     0.8225472     0.1673858     0.0018528     0.0010634     0.0014258     0.0038178     0.0019073     1.0000000
    28.0000000     0.8113798     0.1778136     0.0020581     0.0011540     0.0015497     0.0040348     0.0020099     1.0000000
    29.0000000     0.8000924     0.1883386     0.0022778     0.0012491     0.0016799     0.0042509     0.0021114     1.0000000
    30.0000000     0.7887076     0.1989387     0.0025120     0.0013485     0.0018163     0.0044655     0.0022114     1.0000000
    31.0000000     0.7772472     0.2095929     0.0027609     0.0014524     0.0019591     0.0046778     0.0023097     1.0000000
    32.0000000     0.7657336     0.2202793     0.0030246     0.0015607     0.0021082     0.0048875     0.0024061     1.0000000
    33.0000000     0.7541889     0.2309768     0.0033032     0.0016734     0.0022636     0.0050939     0.0025002     1.0000000
    34.0000000     0.7426342     0.2416649     0.0035967     0.0017905     0.0024254     0.0052964     0.0025919     1.0000000
    35.0000000     0.7310905     0.2523234     0.0039050     0.0019119     0.0025936     0.0054947     0.0026809     1.0000000
    36.0000000     0.7195785     0.2629325     0.0042281     0.0020375     0.0027680     0.0056882     0.0027671     1.0000000
    37.0000000     0.7081173     0.2734740     0.0045657     0.0021673     0.0029488     0.0058766     0.0028504     1.0000000
    38.0000000     0.6967254     0.2839301     0.0049177     0.0023012     0.0031358     0.0060593     0.0029306     1.0000000
    39.0000000     0.6854217     0.2942830     0.0052837     0.0024390     0.0033289     0.0062361     0.0030076     1.0000000
    40.0000000     0.6742239     0.3045160     0.0056634     0.0025806     0.0035281     0.0064066     0.0030814     1.0000000
    41.0000000     0.6631488     0.3146131     0.0060564     0.0027259     0.0037332     0.0065707     0.0031519     1.0000000
    42.0000000     0.6522132     0.3245586     0.0064623     0.0028746     0.0039442     0.0067280     0.0032190     1.0000000
    43.0000000     0.6414330     0.3343374     0.0068807     0.0030267     0.0041610     0.0068783     0.0032829     1.0000000
    44.0000000     0.6308233     0.3439357     0.0073110     0.0031819     0.0043833     0.0070215     0.0033434     1.0000000
    45.0000000     0.6203992     0.3533393     0.0077526     0.0033399     0.0046110     0.0071574     0.0034007     1.0000000
    46.0000000     0.6101747     0.3625352     0.0082050     0.0035006     0.0048440     0.0072859     0.0034547     1.0000000
    47.0000000     0.6001625     0.3715118     0.0086675     0.0036636     0.0050821     0.0074069     0.0035056     1.0000000
    48.0000000     0.5903749     0.3802579     0.0091394     0.0038288     0.0053251     0.0075204     0.0035535     1.0000000
    49.0000000     0.5808241     0.3887625     0.0096201     0.0039958     0.0055728     0.0076264     0.0035984     1.0000000
    50.0000000     0.5715204     0.3970160     0.0101087     0.0041643     0.0058251     0.0077249     0.0036406     1.0000000
    51.0000000     0.5624732     0.4050103     0.0106047     0.0043341     0.0060816     0.0078161     0.0036801     1.0000000
    52.0000000     0.5536910     0.4127377     0.0111073     0.0045048     0.0063422     0.0079000     0.0037171     1.0000000
    53.0000000     0.5451819     0.4201912     0.0116157     0.0046761     0.0066066     0.0079767     0.0037517     1.0000000
    54.0000000     0.5369534     0.4273644     0.0121292     0.0048477     0.0068746     0.0080465     0.0037843     1.0000000
    55.0000000     0.5290122     0.4342512     0.0126470     0.0050192     0.0071460     0.0081094     0.0038149     1.0000000
    56.0000000     0.5213643     0.4408467     0.0131684     0.0051904     0.0074206     0.0081659     0.0038437     1.0000000
    57.0000000     0.5140147     0.4471465     0.0136927     0.0053610     0.0076979     0.0082161     0.0038711     1.0000000
    58.0000000     0.5069683     0.4531468     0.0142191     0.0055305     0.0079779     0.0082603     0.0038972     1.0000000
    59.0000000     0.5002284     0.4588449     0.0147469     0.0056987     0.0082601     0.0082988     0.0039222     1.0000000
    60.0000000     0.4937964     0.4642401     0.0152754     0.0058653     0.0085443     0.0083321     0.0039464     1.0000000
    61.0000000     0.4876744     0.4693311     0.0158038     0.0060299     0.0088303     0.0083605     0.0039700     1.0000000
    62.0000000     0.4818648     0.4741162     0.0163314     0.0061923     0.0091177     0.0083844     0.0039932     1.0000000
    63.0000000     0.4763682     0.4785952     0.0168577     0.0063522     0.0094063     0.0084042     0.0040162     1.0000000
    64.0000000     0.4711839     0.4827695     0.0173820     0.0065093     0.0096956     0.0084203     0.0040393     1.0000000
    65.0000000     0.4663114     0.4866401     0.0179037     0.0066635     0.0099855     0.0084331     0.0040628     1.0000000
    66.0000000     0.4617502     0.4902081     0.0184220     0.0068144     0.0102755     0.0084431     0.0040867     1.0000000
    67.0000000     0.4574991     0.4934750     0.0189365     0.0069618     0.0105653     0.0084508     0.0041114     1.0000000
    68.0000000     0.4535560     0.4964434     0.0194466     0.0071055     0.0108548     0.0084566     0.0041370     1.0000000
    69.0000000     0.4499175     0.4991172     0.0199518     0.0072452     0.0111435     0.0084610     0.0041638     1.0000000
    70.0000000     0.4465799     0.5015002     0.0204515     0.0073809     0.0114312     0.0084645     0.0041918     1.0000000
    71.0000000     0.4435408     0.5035953     0.0209451     0.0075123     0.0117176     0.0084676     0.0042213     1.0000000
    72.0000000     0.4407967     0.5054061     0.0214324     0.0076395     0.0120022     0.0084707     0.0042524     1.0000000
    73.0000000     0.4383425     0.5069380     0.0219128     0.0077623     0.0122848     0.0084742     0.0042853     1.0000000
    74.0000000     0.4361717     0.5081977     0.0223860     0.0078807     0.0125652     0.0084786     0.0043201     1.0000000
    75.0000000     0.4342775     0.5091917     0.0228517     0.0079947     0.0128429     0.0084844     0.0043570     1.0000000
    76.0000000     0.4326537     0.5099264     0.0233098     0.0081042     0.0131177     0.0084921     0.0043961     1.0000000
    77.0000000     0.4312945     0.5104074     0.0237600     0.0082092     0.0133894     0.0085019     0.0044375     1.0000000
    78.0000000     0.4301929     0.5106418     0.0242020     0.0083100     0.0136576     0.0085145     0.0044813     1.0000000
    79.0000000     0.4293407     0.5106377     0.0246356     0.0084064     0.0139220     0.0085300     0.0045276     1.0000000
    80.0000000     0.4287293     0.5104036     0.0250606     0.0084987     0.0141823     0.0085490     0.0045764     1.0000000
    81.0000000     0.4283520     0.5099460     0.0254770     0.0085870     0.0144384     0.0085717     0.0046279     1.0000000
    82.0000000     0.4282031     0.5092705     0.0258846     0.0086714     0.0146899     0.0085985     0.0046820     1.0000000
    83.0000000     0.4282759     0.5083838     0.0262831     0.0087520     0.0149367     0.0086297     0.0047388     1.0000000
    84.0000000     0.4285619     0.5072940     0.0266726     0.0088291     0.0151784     0.0086656     0.0047983     1.0000000
    85.0000000     0.4290524     0.5060096     0.0270530     0.0089029     0.0154149     0.0087066     0.0048606     1.0000000
    86.0000000     0.4297390     0.5045386     0.0274244     0.0089735     0.0156460     0.0087530     0.0049256     1.0000000
    87.0000000     0.4306138     0.5028888     0.0277867     0.0090412     0.0158715     0.0088048     0.0049933     1.0000000
    88.0000000     0.4316682     0.5010684     0.0281399     0.0091062     0.0160911     0.0088625     0.0050636     1.0000000
    89.0000000     0.4328936     0.4990857     0.0284841     0.0091690     0.0163047     0.0089262     0.0051367     1.0000000
    90.0000000     0.4342812     0.4969491     0.0288195     0.0092298     0.0165121     0.0089961     0.0052123     1.0000000
    91.0000000     0.4358215     0.4946674     0.0291462     0.0092888     0.0167132     0.0090723     0.0052905     1.0000000
    92.0000000     0.4375058     0.4922494     0.0294644     0.0093465     0.0169078     0.0091549     0.0053712     1.0000000
    93.0000000     0.4393259     0.4897027     0.0297739     0.0094030     0.0170958     0.0092442     0.0054544     1.0000000
    94.0000000     0.4412735     0.4870357     0.0300747     0.0094588     0.0172771     0.0093401     0.0055400     1.0000000
    95.0000000     0.4433397     0.4842567     0.0303670     0.0095141     0.0174516     0.0094428     0.0056280     1.0000000
    96.0000000     0.4455158     0.4813742     0.0306510     0.0095693     0.0176193     0.0095523     0.0057181     1.0000000
    97.0000000     0.4477926     0.4783967     0.0309268     0.0096246     0.0177802     0.0096686     0.0058105     1.0000000
    98.0000000     0.4501613     0.4753328     0.0311947     0.0096804     0.0179343     0.0097917     0.0059048     1.0000000
    99.0000000     0.4526138     0.4721902     0.0314547     0.0097371     0.0180814     0.0099216     0.0060011     1.0000000
   100.0000000     0.4551421     0.4689766     0.0317071     0.0097949     0.0182218     0.0100582     0.0060993     1.0000000
   101.0000000     0.4577375     0.4657003     0.0319520     0.0098540     0.0183555     0.0102015     0.0061992     1.0000000
   102.0000000     0.4603912     0.4623692     0.0321899     0.0099148     0.0184826     0.0103513     0.0063008     1.0000000
   103.0000000     0.4630952     0.4589913     0.0324210     0.0099776     0.0186032     0.0105077     0.0064040     1.0000000
   104.0000000     0.4658406     0.4555750     0.0326453     0.0100426     0.0187173     0.0106705     0.0065087     1.0000000
   105.0000000     0.4686194     0.4521282     0.0328630     0.0101100     0.0188250     0.0108395     0.0066148     1.0000000
   106.0000000     0.4714249     0.4486572     0.0330744     0.0101800     0.0189267     0.0110146     0.0067222     1.0000000
   107.0000000     0.4742497     0.4451691     0.0332795     0.0102530     0.0190225     0.0111955     0.0068307     1.0000000
   108.0000000     0.4770864     0.4416711     0.0334785     0.0103290     0.0191126     0.0113822     0.0069403     1.0000000
   109.0000000     0.4799272     0.4381704     0.0336718     0.0104082     0.0191971     0.0115743     0.0070510     1.0000000
   110.0000000     0.4827647     0.4346740     0.0338597     0.0104909     0.0192764     0.0117717     0.0071625     1.0000000
   111.0000000     0.4855926     0.4311882     0.0340423     0.0105773     0.0193506     0.0119742     0.0072749     1.0000000
   112.0000000     0.4884048     0.4277185     0.0342198     0.0106675     0.0194200     0.0121815     0.0073880     1.0000000
   113.0000000     0.4911946     0.4242714     0.0343923     0.0107617     0.0194849     0.0123933     0.0075018     1.0000000
   114.0000000     0.4939548     0.4208539     0.0345601     0.0108599     0.0195457     0.0126095     0.0076161     1.0000000
   115.0000000     0.4966798     0.4174715     0.0347232     0.0109624     0.0196026     0.0128296     0.0077309     1.0000000
   116.0000000     0.4993650     0.4141286     0.0348817     0.0110689     0.0196560     0.0130535     0.0078462     1.0000000
   117.0000000     0.5020052     0.4108301     0.0350359     0.0111797     0.0197063     0.0132808     0.0079619     1.0000000
   118.0000000     0.5045961     0.4075802     0.0351860     0.0112947     0.0197536     0.0135113     0.0080780     1.0000000
   119.0000000     0.5071345     0.4043819     0.0353323     0.0114140     0.0197983     0.0137446     0.0081944     1.0000000
   120.0000000     0.5096156     0.4012396     0.0354748     0.0115376     0.0198408     0.0139805     0.0083110     1.0000000
   121.0000000     0.5120337     0.3981590     0.0356139     0.0116656     0.0198814     0.0142186     0.0084279     1.0000000
   122.0000000     0.5143841     0.3951443     0.0357497     0.0117978     0.0199205     0.0144587     0.0085450     1.0000000
   123.0000000     0.5166633     0.3921989     0.0358825     0.0119343     0.0199583     0.0147004     0.0086623     1.0000000
   124.0000000     0.5188677     0.3893262     0.0360125     0.0120751     0.0199954     0.0149434     0.0087798     1.0000000
   125.0000000     0.5209939     0.3865295     0.0361398     0.0122199     0.0200320     0.0151874     0.0088974     1.0000000
   126.0000000     0.5230386     0.3838121     0.0362646     0.0123688     0.0200685     0.0154323     0.0090151     1.0000000
   127.0000000     0.5249989     0.3811767     0.0363870     0.0125217     0.0201052     0.0156776     0.0091329     1.0000000
   128.0000000     0.5268722     0.3786262     0.0365068     0.0126784     0.0201425     0.0159231     0.0092508     1.0000000
   129.0000000     0.5286556     0.3761630     0.0366243     0.0128389     0.0201807     0.0161686     0.0093688     1.0000000
   130.0000000     0.5303464     0.3737900     0.0367395     0.0130031     0.0202203     0.0164138     0.0094870     1.0000000
   131.0000000     0.5319421     0.3715094     0.0368526     0.0131709     0.0202613     0.0166585     0.0096052     1.0000000
   132.0000000     0.5334408     0.3693230     0.0369638     0.0133422     0.0203043     0.0169024     0.0097234     1.0000000
   133.0000000     0.5348405     0.3672329     0.0370733     0.0135168     0.0203495     0.0171453     0.0098417     1.0000000
   134.0000000     0.5361391     0.3652411     0.0371811     0.0136945     0.0203972     0.0173870     0.0099600     1.0000000
   135.0000000     0.5373348     0.3633493     0.0372876     0.0138750     0.0204478     0.0176271     0.0100785     1.0000000
   136.0000000     0.5384268     0.3615584     0.0373928     0.0140583     0.0205013     0.0178655     0.0101970     1.0000000
   137.0000000     0.5394154     0.3598681     0.0374967     0.0142442     0.0205582     0.0181019     0.0103155     1.0000000
   138.0000000     0.5403013     0.3582777     0.0375996     0.0144324     0.0206187     0.0183363     0.0104341     1.0000000
   139.0000000     0.5410837     0.3567880     0.0377015     0.0146228     0.0206831     0.0185683     0.0105527     1.0000000
   140.0000000     0.5417616     0.3553999     0.0378026     0.0148152     0.0207516     0.0187979     0.0106712     1.0000000
   141.0000000     0.5423349     0.3541136     0.0379030     0.0150094     0.0208245     0.0190247     0.0107899     1.0000000
   142.0000000     0.5428036     0.3529289     0.0380030     0.0152053     0.0209020     0.0192487     0.0109085     1.0000000
   143.0000000     0.5431671     0.3518465     0.0381024     0.0154029     0.0209841     0.0194698     0.0110272     1.0000000
   144.0000000     0.5434258     0.3508662     0.0382014     0.0156020     0.0210711     0.0196876     0.0111459     1.0000000
   145.0000000     0.5435810     0.3499866     0.0383001     0.0158022     0.0211632     0.0199022     0.0112647     1.0000000
   146.0000000     0.5436340     0.3492065     0.0383986     0.0160035     0.0212605     0.0201134     0.0113835     1.0000000
   147.0000000     0.5435859     0.3485249     0.0384970     0.0162058     0.0213631     0.0203211     0.0115023     1.0000000
   148.0000000     0.5434380     0.3479405     0.0385954     0.0164089     0.0214709     0.0205251     0.0116212     1.0000000
   149.0000000     0.5431917     0.3474519     0.0386940     0.0166127     0.0215842     0.0207255     0.0117401     1.0000000
   150.0000000     0.5428488     0.3470574     0.0387929     0.0168170     0.0217028     0.0209222     0.0118590     1.0000000
   151.0000000     0.5424111     0.3467550     0.0388923     0.0170217     0.0218271     0.0211149     0.0119779     1.0000000
   152.0000000     0.5418808     0.3465426     0.0389923     0.0172267     0.0219570     0.0213037     0.0120969     1.0000000
   153.0000000     0.5412598     0.3464185     0.0390929     0.0174318     0.0220925     0.0214885     0.0122159     1.0000000
   154.0000000     0.5405504     0.3463804     0.0391941     0.0176370     0.0222337     0.0216694     0.0123350     1.0000000
   155.0000000     0.5397548     0.3464262     0.0392961     0.0178420     0.0223806     0.0218462     0.0124541     1.0000000
   156.0000000     0.5388748     0.3465542     0.0393989     0.0180467     0.0225332     0.0220190     0.0125731     1.0000000
   157.0000000     0.5379127     0.3467622     0.0395027     0.0182511     0.0226915     0.0221878     0.0126921     1.0000000
   158.0000000     0.5368714     0.3470475     0.0396074     0.0184550     0.0228554     0.0223523     0.0128111     1.0000000
   159.0000000     0.5357537     0.3474074     0.0397130     0.0186582     0.0230250     0.0225126     0.0129301     1.0000000
   160.0000000     0.5345620     0.3478398     0.0398196     0.0188609     0.0232002     0.0226687     0.0130489     1.0000000
   161.0000000     0.5332985     0.3483426     0.0399271     0.0190628     0.0233806     0.0228208     0.0131677     1.0000000
   162.0000000     0.5319660     0.3489130     0.0400355     0.0192639     0.0235664     0.0229688     0.0132863     1.0000000
   163.0000000     0.5305680     0.3495480     0.0401449     0.0194642     0.0237574     0.0231129     0.0134047     1.0000000
   164.0000000     0.5291075     0.3502447     0.0402550     0.0196634     0.0239535     0.0232531     0.0135229     1.0000000
   165.0000000     0.5275867     0.3510008     0.0403660     0.0198617     0.0241546     0.0233895     0.0136408     1.0000000
   166.0000000     0.5260089     0.3518129     0.0404781     0.0200591     0.0243604     0.0235221     0.0137584     1.0000000
   167.0000000     0.5243785     0.3526769     0.0405914     0.0202553     0.0245709     0.0236511     0.0138758     1.0000000
   168.0000000     0.5226985     0.3535897     0.0407059     0.0204504     0.0247861     0.0237764     0.0139929     1.0000000
   169.0000000     0.5209714     0.3545489     0.0408217     0.0206443     0.0250057     0.0238980     0.0141098     1.0000000
   170.0000000     0.5192004     0.3555515     0.0409387     0.0208370     0.0252297     0.0240163     0.0142264     1.0000000
   171.0000000     0.5173889     0.3565942     0.0410568     0.0210283     0.0254577     0.0241312     0.0143429     1.0000000
   172.0000000     0.5155396     0.3576745     0.0411760     0.0212184     0.0256895     0.0242429     0.0144590     1.0000000
   173.0000000     0.5136556     0.3587895     0.0412962     0.0214072     0.0259249     0.0243516     0.0145749     1.0000000
   174.0000000     0.5117399     0.3599362     0.0414174     0.0215948     0.0261636     0.0244576     0.0146904     1.0000000
   175.0000000     0.5097950     0.3611122     0.0415398     0.0217811     0.0264054     0.0245609     0.0148056     1.0000000
   176.0000000     0.5078244     0.3623140     0.0416632     0.0219661     0.0266501     0.0246617     0.0149205     1.0000000
   177.0000000     0.5058327     0.3635376     0.0417876     0.0221498     0.0268975     0.0247601     0.0150349     1.0000000
   178.0000000     0.5038227     0.3647798     0.0419129     0.0223322     0.0271473     0.0248562     0.0151488     1.0000000
   179.0000000     0.5017967     0.3660387     0.0420393     0.0225133     0.0273994     0.0249503     0.0152624     1.0000000
   180.0000000     0.4997571     0.3673116     0.0421666     0.0226932     0.0276535     0.0250425     0.0153755     1.0000000
   181.0000000     0.4977067     0.3685962     0.0422949     0.0228718     0.0279093     0.0251328     0.0154883     1.0000000
   182.0000000     0.4956477     0.3698903     0.0424239     0.0230492     0.0281667     0.0252215     0.0156007     1.0000000
   183.0000000     0.4935828     0.3711914     0.0425538     0.0232253     0.0284253     0.0253087     0.0157126     1.0000000
   184.0000000     0.4915154     0.3724959     0.0426844     0.0234003     0.0286851     0.0253946     0.0158242     1.0000000
   185.0000000     0.4894487     0.3738010     0.0428159     0.0235741     0.0289456     0.0254794     0.0159353     1.0000000
   186.0000000     0.4873853     0.3751039     0.0429481     0.0237468     0.0292069     0.0255631     0.0160460     1.0000000
   187.0000000     0.4853277     0.3764020     0.0430814     0.0239184     0.0294685     0.0256458     0.0161562     1.0000000
   188.0000000     0.4832780     0.3776933     0.0432155     0.0240891     0.0297303     0.0257276     0.0162661     1.0000000
   189.0000000     0.4812385     0.3789757     0.0433506     0.0242587     0.0299921     0.0258088     0.0163757     1.0000000
   190.0000000     0.4792120     0.3802465     0.0434865     0.0244272     0.0302535     0.0258893     0.0164850     1.0000000
   191.0000000     0.4772013     0.3815030     0.0436232     0.0245946     0.0305145     0.0259694     0.0165940     1.0000000
   192.0000000     0.4752088     0.3827428     0.0437605     0.0247611     0.0307749     0.0260492     0.0167027     1.0000000
   193.0000000     0.4732367     0.3839640     0.0438983     0.0249267     0.0310344     0.0261287     0.0168112     1.0000000
   194.0000000     0.4712866     0.3851650     0.0440367     0.0250912     0.0312928     0.0262082     0.0169195     1.0000000
   195.0000000     0.4693603     0.3863441     0.0441756     0.0252548     0.0315500     0.0262878     0.0170275     1.0000000
   196.0000000     0.4674596     0.3874994     0.0443151     0.0254173     0.0318057     0.0263676     0.0171353     1.0000000
   197.0000000     0.4655870     0.3886289     0.0444552     0.0255787     0.0320598     0.0264477     0.0172429     1.0000000
   198.0000000     0.4637438     0.3897310     0.0445956     0.0257390     0.0323123     0.0265281     0.0173503     1.0000000
   199.0000000     0.4619306     0.3908051     0.0447365     0.0258983     0.0325630     0.0266090     0.0174575     1.0000000
   200.0000000     0.4601485     0.3918502     0.0448778     0.0260567     0.0328118     0.0266906     0.0175645     1.0000000
   201.0000000     0.4583993     0.3928644     0.0450194     0.0262141     0.0330585     0.0267729     0.0176713     1.0000000
   202.0000000     0.4566846     0.3938466     0.0451611     0.0263704     0.0333032     0.0268560     0.0177781     1.0000000
   203.0000000     0.4550052     0.3947958     0.0453030     0.0265255     0.0335458     0.0269398     0.0178849     1.0000000
   204.0000000     0.4533619     0.3957111     0.0454450     0.0266796     0.0337862     0.0270244     0.0179917     1.0000000
   205.0000000     0.4517557     0.3965917     0.0455872     0.0268326     0.0340244     0.0271098     0.0180986     1.0000000
   206.0000000     0.4501870     0.3974371     0.0457293     0.0269845     0.0342602     0.0271963     0.0182057     1.0000000
   207.0000000     0.4486567     0.3982464     0.0458714     0.0271353     0.0344935     0.0272839     0.0183129     1.0000000
   208.0000000     0.4471665     0.3990179     0.0460134     0.0272850     0.0347241     0.0273728     0.0184202     1.0000000
   209.0000000     0.4457180     0.3997500     0.0461556     0.0274335     0.0349520     0.0274632     0.0185278     1.0000000
   210.0000000     0.4443115     0.4004424     0.0462977     0.0275807     0.0351772     0.0275549     0.0186356     1.0000000
   211.0000000     0.4429466     0.4010959     0.0464396     0.0277267     0.0353995     0.0276481     0.0187436     1.0000000
   212.0000000     0.4416229     0.4017107     0.0465811     0.0278715     0.0356190     0.0277429     0.0188519     1.0000000
   213.0000000     0.4403406     0.4022866     0.0467222     0.0280152     0.0358354     0.0278394     0.0189605     1.0000000
   214.0000000     0.4391005     0.4028227     0.0468630     0.0281579     0.0360489     0.0279376     0.0190694     1.0000000
   215.0000000     0.4379029     0.4033186     0.0470036     0.0282995     0.0362592     0.0280375     0.0191787     1.0000000
   216.0000000     0.4367478     0.4037744     0.0471439     0.0284401     0.0364665     0.0281390     0.0192883     1.0000000
   217.0000000     0.4356351     0.4041904     0.0472835     0.0285798     0.0366707     0.0282423     0.0193982     1.0000000
   218.0000000     0.4345647     0.4045667     0.0474225     0.0287184     0.0368717     0.0283474     0.0195085     1.0000000
   219.0000000     0.4335366     0.4049035     0.0475609     0.0288560     0.0370695     0.0284542     0.0196193     1.0000000
   220.0000000     0.4325506     0.4052008     0.0476989     0.0289925     0.0372640     0.0285628     0.0197304     1.0000000
   221.0000000     0.4316066     0.4054584     0.0478365     0.0291279     0.0374553     0.0286731     0.0198421     1.0000000
   222.0000000     0.4307052     0.4056756     0.0479737     0.0292626     0.0376434     0.0287853     0.0199542     1.0000000
   223.0000000     0.4298465     0.4058524     0.0481104     0.0293964     0.0378283     0.0288992     0.0200668     1.0000000
   224.0000000     0.4290303     0.4059887     0.0482466     0.0295295     0.0380101     0.0290150     0.0201798     1.0000000
   225.0000000     0.4282559     0.4060853     0.0483823     0.0296618     0.0381887     0.0291327     0.0202933     1.0000000
   226.0000000     0.4275224     0.4061433     0.0485174     0.0297933     0.0383640     0.0292523     0.0204074     1.0000000
   227.0000000     0.4268287     0.4061638     0.0486517     0.0299240     0.0385359     0.0293739     0.0205220     1.0000000
   228.0000000     0.4261740     0.4061474     0.0487855     0.0300541     0.0387044     0.0294974     0.0206372     1.0000000
   229.0000000     0.4255584     0.4060942     0.0489186     0.0301834     0.0388695     0.0296228     0.0207530     1.0000000
   230.0000000     0.4249820     0.4060041     0.0490512     0.0303119     0.0390315     0.0297500     0.0208692     1.0000000
   231.0000000     0.4244439     0.4058778     0.0491833     0.0304398     0.0391902     0.0298791     0.0209860     1.0000000
   232.0000000     0.4239429     0.4057162     0.0493150     0.0305670     0.0393457     0.0300099     0.0211033     1.0000000
   233.0000000     0.4234782     0.4055204     0.0494462     0.0306935     0.0394981     0.0301426     0.0212211     1.0000000
   234.0000000     0.4230482     0.4052917     0.0495769     0.0308195     0.0396474     0.0302770     0.0213394     1.0000000
   235.0000000     0.4226510     0.4050320     0.0497069     0.0309452     0.0397937     0.0304131     0.0214581     1.0000000
   236.0000000     0.4222850     0.4047427     0.0498363     0.0310704     0.0399373     0.0305508     0.0215774     1.0000000
   237.0000000     0.4219493     0.4044249     0.0499651     0.0311952     0.0400781     0.0306902     0.0216973     1.0000000
   238.0000000     0.4216425     0.4040798     0.0500935     0.0313193     0.0402160     0.0308313     0.0218177     1.0000000
   239.0000000     0.4213638     0.4037083     0.0502214     0.0314427     0.0403510     0.0309742     0.0219387     1.0000000
   240.0000000     0.4211132     0.4033103     0.0503488     0.0315655     0.0404833     0.0311188     0.0220601     1.0000000
   241.0000000     0.4208902     0.4028864     0.0504759     0.0316877     0.0406128     0.0312651     0.0221818     1.0000000
   242.0000000     0.4206933     0.4024383     0.0506023     0.0318093     0.0407397     0.0314131     0.0223040     1.0000000
   243.0000000     0.4205208     0.4019675     0.0507282     0.0319303     0.0408641     0.0315627     0.0224265     1.0000000
   244.0000000     0.4203720     0.4014746     0.0508534     0.0320507     0.0409862     0.0317137     0.0225494     1.0000000
   245.0000000     0.4202463     0.4009604     0.0509778     0.0321705     0.0411061     0.0318661     0.0226727     1.0000000
   246.0000000     0.4201422     0.4004264     0.0511014     0.0322899     0.0412238     0.0320199     0.0227963     1.0000000
   247.0000000     0.4200572     0.3998750     0.0512241     0.0324087     0.0413395     0.0321751     0.0229204     1.0000000
   248.0000000     0.4199892     0.3993081     0.0513460     0.0325270     0.0414532     0.0323318     0.0230447     1.0000000
   249.0000000     0.4199375     0.3987265     0.0514672     0.0326446     0.0415650     0.0324898     0.0231694     1.0000000
   250.0000000     0.4199015     0.3981305     0.0515877     0.0327618     0.0416749     0.0326493     0.0232942     1.0000000
   251.0000000     0.4198800     0.3975213     0.0517078     0.0328785     0.0417827     0.0328103     0.0234193     1.0000000
   252.0000000     0.4198709     0.3969008     0.0518274     0.0329950     0.0418887     0.0329725     0.0235447     1.0000000
   253.0000000     0.4198729     0.3962703     0.0519463     0.0331115     0.0419926     0.0331362     0.0236702     1.0000000
   254.0000000     0.4198850     0.3956308     0.0520646     0.0332279     0.0420947     0.0333011     0.0237959     1.0000000
   255.0000000     0.4199057     0.3949837     0.0521822     0.0333441     0.0421950     0.0334674     0.0239218     1.0000000
   256.0000000     0.4199339     0.3943302     0.0522993     0.0334604     0.0422935     0.0336349     0.0240478     1.0000000
   257.0000000     0.4199687     0.3936710     0.0524157     0.0335768     0.0423903     0.0338034     0.0241740     1.0000000
   258.0000000     0.4200096     0.3930068     0.0525315     0.0336933     0.0424854     0.0339730     0.0243004     1.0000000
   259.0000000     0.4200562     0.3923380     0.0526465     0.0338100     0.0425789     0.0341437     0.0244269     1.0000000
   260.0000000     0.4201073     0.3916657     0.0527607     0.0339268     0.0426708     0.0343153     0.0245534     1.0000000
   261.0000000     0.4201617     0.3909910     0.0528743     0.0340439     0.0427613     0.0344879     0.0246799     1.0000000
   262.0000000     0.4202182     0.3903148     0.0529874     0.0341610     0.0428505     0.0346615     0.0248065     1.0000000
   263.0000000     0.4202764     0.3896378     0.0530999     0.0342783     0.0429386     0.0348359     0.0249332     1.0000000
   264.0000000     0.4203354     0.3889606     0.0532122     0.0343956     0.0430254     0.0350109     0.0250600     1.0000000
   265.0000000     0.4203947     0.3882837     0.0533241     0.0345131     0.0431113     0.0351863     0.0251868     1.0000000
   266.0000000     0.4204544     0.3876073     0.0534357     0.0346309     0.0431961     0.0353621     0.0253137     1.0000000
   267.0000000     0.4205138     0.3869315     0.0535468     0.0347490     0.0432800     0.0355382     0.0254406     1.0000000
   268.0000000     0.4205719     0.3862578     0.0536576     0.0348676     0.0433630     0.0357147     0.0255674     1.0000000
   269.0000000     0.4206271     0.3855873     0.0537680     0.0349865     0.0434454     0.0358914     0.0256942     1.0000000
   270.0000000     0.4206784     0.3849212     0.0538782     0.0351060     0.0435273     0.0360680     0.0258209     1.0000000
   271.0000000     0.4207247     0.3842603     0.0539882     0.0352259     0.0436087     0.0362447     0.0259476     1.0000000
   272.0000000     0.4207657     0.3836051     0.0540979     0.0353462     0.0436895     0.0364213     0.0260743     1.0000000
   273.0000000     0.4208007     0.3829559     0.0542077     0.0354670     0.0437697     0.0365980     0.0262010     1.0000000
   274.0000000     0.4208284     0.3823137     0.0543177     0.0355884     0.0438494     0.0367746     0.0263276     1.0000000
   275.0000000     0.4208477     0.3816799     0.0544279     0.0357103     0.0439287     0.0369510     0.0264543     1.0000000
   276.0000000     0.4208580     0.3810550     0.0545383     0.0358327     0.0440078     0.0371271     0.0265811     1.0000000
   277.0000000     0.4208598     0.3804387     0.0546488     0.0359556     0.0440867     0.0373026     0.0267078     1.0000000
   278.0000000     0.4208533     0.3798309     0.0547592     0.0360789     0.0441655     0.0374775     0.0268346     1.0000000
   279.0000000     0.4208376     0.3792326     0.0548696     0.0362025     0.0442443     0.0376518     0.0269615     1.0000000
   280.0000000     0.4208114     0.3786450     0.0549798     0.0363265     0.0443233     0.0378254     0.0270886     1.0000000
   281.0000000     0.4207747     0.3780682     0.0550898     0.0364509     0.0444025     0.0379981     0.0272157     1.0000000
   282.0000000     0.4207282     0.3775016     0.0551995     0.0365758     0.0444821     0.0381698     0.0273429     1.0000000
   283.0000000     0.4206709     0.3769461     0.0553088     0.0367013     0.0445622     0.0383406     0.0274701     1.0000000
   284.0000000     0.4206020     0.3764025     0.0554178     0.0368273     0.0446427     0.0385102     0.0275974     1.0000000
   285.0000000     0.4205218     0.3758705     0.0555265     0.0369539     0.0447239     0.0386787     0.0277247     1.0000000
   286.0000000     0.4204306     0.3753499     0.0556348     0.0370811     0.0448056     0.0388460     0.0278520     1.0000000
   287.0000000     0.4203281     0.3748411     0.0557427     0.0372090     0.0448878     0.0390121     0.0279792     1.0000000
   288.0000000     0.4202141     0.3743442     0.0558501     0.0373375     0.0449707     0.0391769     0.0281064     1.0000000
   289.0000000     0.4200886     0.3738592     0.0559572     0.0374667     0.0450543     0.0393404     0.0282336     1.0000000
   290.0000000     0.4199516     0.3733863     0.0560640     0.0375963     0.0451385     0.0395026     0.0283607     1.0000000
   291.0000000     0.4198028     0.3729256     0.0561706     0.0377265     0.0452234     0.0396634     0.0284877     1.0000000
   292.0000000     0.4196418     0.3724777     0.0562770     0.0378572     0.0453088     0.0398228     0.0286147     1.0000000
   293.0000000     0.4194676     0.3720437     0.0563830     0.0379887     0.0453946     0.0399809     0.0287416     1.0000000
   294.0000000     0.4192799     0.3716238     0.0564886     0.0381210     0.0454810     0.0401375     0.0288682     1.0000000
   295.0000000     0.4190795     0.3712173     0.0565938     0.0382542     0.0455679     0.0402926     0.0289947     1.0000000
   296.0000000     0.4188669     0.3708236     0.0566985     0.0383882     0.0456557     0.0404461     0.0291210     1.0000000
   297.0000000     0.4186422     0.3704425     0.0568028     0.0385230     0.0457446     0.0405980     0.0292470     1.0000000
   298.0000000     0.4184053     0.3700740     0.0569066     0.0386584     0.0458347     0.0407482     0.0293727     1.0000000
   299.0000000     0.4181557     0.3697188     0.0570099     0.0387944     0.0459263     0.0408966     0.0294984     1.0000000
   300.0000000     0.4178930     0.3693771     0.0571127     0.0389310     0.0460191     0.0410433     0.0296238     1.0000000
   301.0000000     0.4176173     0.3690486     0.0572152     0.0390683     0.0461132     0.0411883     0.0297490     1.0000000
   302.0000000     0.4173297     0.3687326     0.0573174     0.0392063     0.0462085     0.0413315     0.0298740     1.0000000
   303.0000000     0.4170304     0.3684286     0.0574194     0.0393448     0.0463049     0.0414729     0.0299990     1.0000000
   304.0000000     0.4167196     0.3681364     0.0575211     0.0394837     0.0464026     0.0416126     0.0301239     1.0000000
   305.0000000     0.4163969     0.3678564     0.0576228     0.0396230     0.0465017     0.0417505     0.0302488     1.0000000
   306.0000000     0.4160621     0.3675887     0.0577244     0.0397627     0.0466020     0.0418866     0.0303736     1.0000000
   307.0000000     0.4157155     0.3673329     0.0578258     0.0399027     0.0467037     0.0420211     0.0304982     1.0000000
   308.0000000     0.4153577     0.3670886     0.0579271     0.0400431     0.0468067     0.0421539     0.0306227     1.0000000
   309.0000000     0.4149891     0.3668555     0.0580283     0.0401836     0.0469111     0.0422851     0.0307471     1.0000000
   310.0000000     0.4146098     0.3666337     0.0581293     0.0403241     0.0470170     0.0424146     0.0308715     1.0000000
   311.0000000     0.4142195     0.3664233     0.0582300     0.0404643     0.0471245     0.0425425     0.0309959     1.0000000
   312.0000000     0.4138184     0.3662242     0.0583305     0.0406042     0.0472337     0.0426688     0.0311201     1.0000000
   313.0000000     0.4134069     0.3660359     0.0584308     0.0407439     0.0473447     0.0427936     0.0312443     1.0000000
